Input1 Input2 Logical_Core_Usage_Seq(%) Logical_Core_Usage_MP(%) Threads
512 1000 0.999 0.479 2 0.449 4 0.394875 8 0.3660625 16 0.34742105263157896 19 0.3305 20 0.325 21 0.25278125 32 0.24802564102564104 39 0.2178 40 0.13575609756097562 41 0.067578125 64 0.06855 80
512 2000 0.996 0.486 2 0.467 4 0.438125 8 0.3754375 16 0.4117368421052632 19 0.38415 20 0.3975714285714286 21 0.31090625 32 0.303974358974359 39 0.303075 40 0.15078048780487807 41 0.08096875 64 0.072775 80
512 10000 0.988 0.493 2 0.489 4 0.482875 8 0.467375 16 0.5 19 0.46525 20 0.49257142857142855 21 0.441125 32 0.4477692307692308 39 0.43632499999999996 40 0.18502439024390244 41 0.092375 64 0.0787 80
512 15000 0.984 0.4955 2 0.4875 4 0.486625 8 0.481125 16 0.5065263157894737 19 0.47575 20 0.5015714285714286 21 0.45984375 32 0.4722051282051282 39 0.45487500000000003 40 0.1861219512195122 41 0.090921875 64 0.07718749999999999 80
1024 1000 0.991 0.5025 2 0.46725 4 0.42375 8 0.35275 16 0.3526315789473684 19 0.32315 20 0.342 21 0.26503125 32 0.24289743589743593 39 0.240975 40 0.15870731707317073 41 0.096765625 64 0.0761375 80
1024 2000 0.984 0.4965 2 0.47775 4 0.45625 8 0.4135625 16 0.42005263157894734 19 0.39785 20 0.40761904761904766 21 0.338625 32 0.33482051282051284 39 0.324225 40 0.19519512195121952 41 0.115296875 64 0.0968125 80
1024 10000 0.992 0.4945 2 0.48875 4 0.4845 8 0.47625 16 0.5040526315789474 19 0.47140000000000004 20 0.49523809523809526 21 0.45553125 32 0.46025641025641023 39 0.44712500000000005 40 0.24334146341463414 41 0.146375 64 0.12735000000000002 80
1024 15000 0.989 0.495 2 0.49 4 0.487375 8 0.4820625 16 0.5102105263157896 19 0.47845000000000004 20 0.5039523809523809 21 0.4678125 32 0.47607692307692306 39 0.4622 40 0.24797560975609756 41 0.150421875 64 0.130125 80
2048 1000 0.988 0.495 2 0.46625 4 0.433 8 0.3961875 16 0.4116315789473684 19 0.38415 20 0.3996190476190476 21 0.33728125 32 0.3141794871794872 39 0.307 40 0.21673170731707314 41 0.1295625 64 0.1177 80
2048 2000 0.986 0.494 2 0.47725 4 0.45975 8 0.4385625 16 0.45894736842105266 19 0.42945 20 0.4506190476190476 21 0.3973125 32 0.38441025641025645 39 0.37429999999999997 40 0.2429268292682927 41 0.151140625 64 0.1434125 80
2048 10000 0.987 0.493 2 0.487 4 0.484125 8 0.4811875 16 0.5080526315789474 19 0.4766 20 0.501095238095238 21 0.47109375 32 0.4766666666666667 39 0.46382500000000004 40 0.30573170731707316 41 0.181859375 64 0.1821875 80
2048 15000 0.987 0.493 2 0.48775 4 0.48625 8 0.4845625 16 0.510421052631579 19 0.47955 20 0.5045238095238096 21 0.47653125 32 0.48558974358974355 39 0.471875 40 0.31146341463414634 41 0.183875 64 0.1847375 80
4096 1000 0.986 0.494 2 0.47075 4 0.44375 8 0.41225 16 0.4234736842105263 19 0.40279999999999994 20 0.39980952380952384 21 0.3624375 32 0.34707692307692306 39 0.33865 40 0.2600487804878049 41 0.1635 64 0.1504 80
4096 2000 0.988 0.4935 2 0.47875 4 0.463125 8 0.44475 16 0.4567894736842105 19 0.43735 20 0.43490476190476185 21 0.40971875 32 0.403974358974359 39 0.39442499999999997 40 0.2980487804878049 41 0.177765625 64 0.16876249999999998 80
4096 10000 0.988 0.493 2 0.4875 4 0.48 8 0.4781875 16 0.49789473684210533 19 0.4758 20 0.4759047619047619 21 0.46825 32 0.47425641025641024 39 0.46217499999999995 40 0.318609756097561 41 0.206890625 64 0.1972875 80
4096 15000 0.987 0.493 2 0.48825 4 0.483375 8 0.48225 16 0.5026842105263158 19 0.48064999999999997 20 0.48085714285714287 21 0.47553125 32 0.4831794871794872 39 0.4708 40 0.32963414634146343 41 0.212546875 64 0.2040375 80
