Input1 Input2 Execution_Time_Seq(s) Execution_Time_MP(s) Threads
512 1000 18.568838542 12.584113323 2 11.930402720 4 11.754826469 8 11.681566835 16 11.724324897 19 11.654041379 20 11.731383171 21 12.289932020 32 11.764758387 39 11.682811387 40 11.918277751 41 12.369289559 64 12.850875320 80
512 2000 12.650394363 13.601425707 2 12.416537467 4 12.002779849 8 11.697843921 16 11.617996778 19 11.512852935 20 11.513166258 21 11.569983527 32 11.534106849 39 11.685811680 40 12.279826384 41 12.659844995 64 12.898808254 80
512 10000 19.061167810 12.584113323 2 23.179906784 2 11.930402720 4 17.335276147 4 11.754826469 8 14.882647450 8 11.681566835 16 13.404769963 16 11.724324897 19 13.072556288 19 11.654041379 20 13.102408624 20 11.731383171 21 13.037144921 21 12.289932020 32 12.855996299 32 11.764758387 39 12.737734880 39 11.682811387 40 12.837727163 40 11.918277751 41 14.934251544 41 12.369289559 64 17.372284659 64 12.850875320 80 18.050654577 80
512 15000 23.043185002 29.208149226 2 20.449252500 4 16.627524489 8 14.544717215 16 14.015503504 19 14.021051507 20 13.835485887 21 13.432310868 32 13.417972700 39 13.579986397 40 16.542345133 41 19.788236928 64 21.209266922 80
1024 1000 14.574727619 16.705581493 2 13.834365417 4 12.939746170 8 12.305108337 16 12.249723143 19 12.147036066 20 11.995433473 21 12.042187727 32 12.344468740 39 12.121141126 40 12.509233325 41 12.721490437 64 12.818705457 80
1024 2000 17.723414386 20.963289873 2 16.539030387 4 14.359623773 8 13.087618201 16 12.945382965 19 12.852123958 20 12.920380736 21 12.526199113 32 12.475501601 39 12.541796043 40 13.182152655 41 13.404758399 64 13.735599996 80
1024 10000 43.439268126 16.705581493 2 59.761890053 2 13.834365417 4 36.594774012 4 12.939746170 8 25.736033643 8 12.305108337 16 19.484629540 16 12.249723143 19 18.619390622 19 12.147036066 20 18.274945998 20 11.995433473 21 18.005321663 21 12.042187727 32 16.609712931 32 12.344468740 39 16.251115628 39 12.121141126 40 16.273354939 40 12.509233325 41 18.848271446 41 12.721490437 64 20.101433488 64 12.818705457 80 20.081056172 80
1024 15000 58.850710007 83.712272505 2 49.388729507 4 32.989132207 8 23.859507244 16 22.387810132 19 21.779887418 20 21.328661229 21 18.879285498 32 18.087996097 39 18.429313471 40 22.255703783 41 24.070167137 64 24.024774711 80
2048 1000 31.198056591 35.759212823 2 24.539337500 4 20.214755421 8 17.893793825 16 17.709074831 19 17.571869733 20 17.457420527 21 16.455504979 32 15.606439588 39 15.737260243 40 16.125793469 41 16.546278688 64 16.297992077 80
2048 2000 51.089840257 59.474014435 2 37.331932381 4 28.364928010 8 23.428461991 16 23.019347492 19 22.652807897 20 22.238608817 21 19.410147563 32 18.160051026 39 18.396032119 40 19.746618482 41 20.289164573 64 19.196900564 80
2048 10000 196.206100922 35.759212823 2 242.306244861 2 24.539337500 4 133.091157666 4 20.214755421 8 86.140314346 8 17.893793825 16 63.493816454 16 17.709074831 19 60.849813510 19 17.571869733 20 60.392928758 20 17.457420527 21 58.874248960 21 16.455504979 32 44.299804076 32 15.606439588 39 38.031957346 39 15.737260243 40 38.733332344 40 16.125793469 41 43.847934829 41 16.546278688 64 47.044469627 64 16.297992077 80 41.609274510 80
2048 15000 288.649460620 357.134618592 2 192.576198761 4 122.928337140 8 89.150759680 16 85.093350462 19 84.062104181 20 81.694007625 21 60.766527842 32 50.544238240 39 50.889581857 40 59.368393943 41 64.657751760 64 55.183187605 80
4096 1000 89.643676414 108.377159462 2 63.642827124 4 45.085541508 8 36.110499779 16 35.035980595 19 34.435315046 20 33.848169387 21 28.925771111 32 27.474737885 39 27.588379513 40 28.934545345 41 29.349934441 64 27.411459258 80
4096 2000 171.086411843 204.685078907 2 114.155930266 4 76.880938409 8 58.831570367 16 56.383821045 19 55.520756944 20 53.998471684 21 43.201924830 32 39.897025706 39 39.943078241 40 42.360305821 41 44.814577889 64 40.352704157 80
4096 10000 776.380301339 108.377159462 2 980.549780312 2 63.642827124 4 521.026722880 4 45.085541508 8 327.524520058 8 36.110499779 16 232.944143194 16 35.035980595 19 215.234354581 19 34.435315046 20 213.964319936 20 33.848169387 21 206.370364717 21 28.925771111 32 148.932300482 32 27.474737885 39 130.983839236 39 27.588379513 40 131.240310507 40 28.934545345 41 152.929535635 41 29.349934441 64 152.314907424 64 27.411459258 80 133.972541330 80
4096 15000 1136.036417733 1451.202096349 2 756.279499202 4 464.190234758 8 323.610595072 16 304.504165053 19 301.296927670 20 288.281768676 21 205.186751374 32 178.065643146 39 180.580171490 40 207.495246555 41 207.847104163 64 179.985897628 80
